              rxmd has started
INFO: mdmode==0, setting isQEQ is 1. Atomic velocities are scaled to      300.000 [K] every    100 steps.
----------------------------------------------------------------
         req/alloc # of procs:        1  /        1
         req proc arrengement:        1        1        1
                parameter set:Reactive MD-force field: c/h/o/Si/C April 3 2012                      
                time step[fs]:    5.00E-01
 MDMODE CURRENTSTEP NTIMESTPE:  0         0      1000
  isQEq,QEq_tol,NMAXQEq,qstep:     1   1.0E-06   500     1
                Lex_fqs,Lex_k:   1.000   2.000
            treq,vsfact,sstep:     300.000   1.000      100
                  fstep,pstep:   500    10
               NATOMS GNATOMS:                     547                     547
                         LBOX:       1.000       1.000       1.000
                  Hmatrix [A]:         30.000          0.000          0.000
                  Hmatrix [A]:          0.000         30.000          0.000
                  Hmatrix [A]:          0.000          0.000         30.000
               lata,latb,latc:      30.000      30.000      30.000
          lalpha,lbeta,lgamma:      90.000      90.000      90.000
               density [g/cc]:    0.5935
         # of linkedlist cell:     8     8     8
            maxrc, lcsize [A]:     3.390        3.75      3.75      3.75
    # of linkedlist cell (NB):    10    10    10
              lcsize [A] (NB):      3.00      3.00      3.00
     MAXNEIGHBS, MAXNEIGHBS10:    30   600
            NMINCELL, NBUFFER:     3     5000
    FFPath, DataDir, ParmPath:      ffield          DAT      rxmd.in
          # of atoms per type:         125 - 1         306 - 3         116 - 6
----------------------------------------------------------------
nstep  TE  PE  KE: 1-Ebond 2-(Elnpr,Eover,Eunder) 3-(Eval,Epen,Ecoa) 4-(Etors,Econj) 5-Ehbond 6-(Evdw,EClmb,Echarge)
        0 -9.01118E+01 -9.01118E+01  0.00000E+00 -1.077E+02 -9.306E+00  4.917E+00  0.000E+00  0.000E+00  2.194E+01     0.00    0.00   -0.00  28    0.06    0.08
       10 -8.92186E+01 -9.20587E+01  2.84010E+00 -1.032E+02 -1.181E+01  4.567E+00  0.000E+00  0.000E+00  1.838E+01   953.13    0.00   -0.00  17    0.06    0.17
       20 -8.91875E+01 -9.15824E+01  2.39496E+00 -9.627E+01 -1.403E+01  4.100E+00  0.000E+00  0.000E+00  1.462E+01   803.75    0.00    0.00  22    0.06    0.18
       30 -8.91457E+01 -9.21149E+01  2.96918E+00 -1.003E+02 -1.290E+01  4.245E+00  0.000E+00  0.000E+00  1.689E+01   996.45    0.00   -0.00  21    0.06    0.18
       40 -8.91751E+01 -9.19729E+01  2.79774E+00 -1.067E+02 -1.101E+01  4.268E+00  0.000E+00  0.000E+00  2.151E+01   938.92    0.00    0.00  21    0.06    0.19
       50 -8.91763E+01 -9.26045E+01  3.42821E+00 -1.044E+02 -1.231E+01  4.338E+00  0.000E+00  0.000E+00  1.976E+01  1150.50    0.00    0.00  23    0.06    0.18
       60 -8.91819E+01 -9.23994E+01  3.21742E+00 -9.634E+01 -1.515E+01  4.158E+00  0.000E+00  0.000E+00  1.493E+01  1079.76    0.00    0.00  22    0.06    0.16
       70 -8.91779E+01 -9.24045E+01  3.22660E+00 -9.694E+01 -1.510E+01  4.299E+00  0.000E+00  0.000E+00  1.533E+01  1082.84    0.00   -0.00  22    0.06    0.15
       80 -8.91214E+01 -9.20789E+01  2.95750E+00 -1.045E+02 -1.269E+01  4.799E+00  1.648E-04  0.000E+00  2.030E+01   992.53    0.00    0.00  14    0.06    0.15
       90 -8.91261E+01 -9.18512E+01  2.72519E+00 -1.049E+02 -1.249E+01  4.587E+00  5.798E-04  0.000E+00  2.092E+01   914.57    0.00   -0.00  15    0.06    0.14
      100 -8.91318E+01 -9.19075E+01  2.77561E+00 -9.717E+01 -1.523E+01  4.538E+00  0.000E+00  0.000E+00  1.595E+01   931.49    0.00   -0.00  21    0.06    0.15
      110 -9.09930E+01 -9.26415E+01  1.64853E+00 -9.991E+01 -1.454E+01  4.404E+00  0.000E+00  0.000E+00  1.741E+01   553.25    0.00   -0.00  18    0.06    0.13
      120 -9.09998E+01 -9.27417E+01  1.74189E+00 -1.030E+02 -1.341E+01  4.307E+00  0.000E+00  0.000E+00  1.935E+01   584.57    0.00   -0.00  19    0.06    0.14
      130 -9.10115E+01 -9.30193E+01  2.00785E+00 -1.015E+02 -1.390E+01  4.253E+00  0.000E+00  0.000E+00  1.809E+01   673.83    0.00    0.00  20    0.06    0.14
      140 -9.10266E+01 -9.30628E+01  2.03614E+00 -9.812E+01 -1.504E+01  4.091E+00  0.000E+00  0.000E+00  1.600E+01   683.32    0.00    0.00  20    0.06    0.14
      150 -9.10402E+01 -9.33232E+01  2.28301E+00 -9.959E+01 -1.463E+01  4.132E+00  0.000E+00  0.000E+00  1.677E+01   766.17    0.00    0.00  15    0.06    0.13
      160 -9.10323E+01 -9.31805E+01  2.14820E+00 -1.034E+02 -1.318E+01  4.212E+00  0.000E+00  0.000E+00  1.915E+01   720.93    0.00    0.00  19    0.06    0.14
      170 -9.10287E+01 -9.31756E+01  2.14695E+00 -1.032E+02 -1.316E+01  4.375E+00  0.000E+00  0.000E+00  1.882E+01   720.51    0.00   -0.00  20    0.06    0.15
      180 -9.10309E+01 -9.30313E+01  2.00043E+00 -9.984E+01 -1.430E+01  4.569E+00  0.000E+00  0.000E+00  1.654E+01   671.34    0.00   -0.00  20    0.06    0.16
      190 -9.10360E+01 -9.30621E+01  2.02607E+00 -1.001E+02 -1.420E+01  4.671E+00  0.000E+00  0.000E+00  1.651E+01   679.95    0.00   -0.00  16    0.06    0.17
      200 -9.10342E+01 -9.29339E+01  1.89969E+00 -1.039E+02 -1.261E+01  4.702E+00  0.000E+00  0.000E+00  1.890E+01   637.53    0.00    0.00  20    0.06    0.16
      210 -9.20361E+01 -9.34001E+01  1.36408E+00 -1.027E+02 -1.324E+01  4.615E+00  0.000E+00  0.000E+00  1.791E+01   457.78    0.00    0.00   7    0.06    0.15
      220 -9.20293E+01 -9.33922E+01  1.36285E+00 -1.010E+02 -1.388E+01  4.610E+00  0.000E+00  0.000E+00  1.685E+01   457.37    0.00   -0.00   8    0.06    0.16
      230 -9.20235E+01 -9.35376E+01  1.51417E+00 -1.021E+02 -1.359E+01  4.572E+00  0.000E+00  0.000E+00  1.758E+01   508.15    0.00    0.00  20    0.06    0.19
      240 -9.20203E+01 -9.35325E+01  1.51222E+00 -1.038E+02 -1.303E+01  4.510E+00  0.000E+00  0.000E+00  1.878E+01   507.50    0.00    0.00  18    0.06    0.17
      250 -9.20172E+01 -9.35289E+01  1.51178E+00 -1.029E+02 -1.336E+01  4.496E+00  0.000E+00  0.000E+00  1.822E+01   507.35    0.00    0.00  12    0.06    0.16
      260 -9.19988E+01 -9.34900E+01  1.49117E+00 -1.008E+02 -1.408E+01  4.486E+00  0.000E+00  0.000E+00  1.692E+01   500.44    0.00    0.00  20    0.06    0.16
      270 -9.19917E+01 -9.34997E+01  1.50799E+00 -1.013E+02 -1.394E+01  4.504E+00  0.000E+00  0.000E+00  1.721E+01   506.08    0.00   -0.00  19    0.06    0.16
      280 -9.19878E+01 -9.34144E+01  1.42652E+00 -1.033E+02 -1.329E+01  4.597E+00  0.000E+00  0.000E+00  1.855E+01   478.74    0.00    0.00  18    0.06    0.16
      290 -9.19837E+01 -9.34048E+01  1.42117E+00 -1.030E+02 -1.344E+01  4.561E+00  0.000E+00  0.000E+00  1.847E+01   476.94    0.00    0.00  18    0.06    0.20
      300 -9.19900E+01 -9.34241E+01  1.43410E+00 -1.007E+02 -1.429E+01  4.491E+00  6.498E-04  0.000E+00  1.708E+01   481.28    0.00    0.00  19    0.06    0.23
      310 -9.25252E+01 -9.36725E+01  1.14733E+00 -1.017E+02 -1.400E+01  4.426E+00  0.000E+00  0.000E+00  1.764E+01   385.04    0.00   -0.00  19    0.06    0.23
      320 -9.25246E+01 -9.37722E+01  1.24761E+00 -1.030E+02 -1.355E+01  4.379E+00  0.000E+00  0.000E+00  1.836E+01   418.70    0.00   -0.00  20    0.06    0.21
      330 -9.25330E+01 -9.38620E+01  1.32906E+00 -1.024E+02 -1.372E+01  4.327E+00  0.000E+00  0.000E+00  1.790E+01   446.03    0.00   -0.00  20    0.06    0.18
      340 -9.25307E+01 -9.38302E+01  1.29954E+00 -1.013E+02 -1.411E+01  4.437E+00  0.000E+00  0.000E+00  1.714E+01   436.12    0.00    0.00  19    0.06    0.19
      350 -9.25371E+01 -9.38516E+01  1.31454E+00 -1.020E+02 -1.388E+01  4.560E+00  0.000E+00  0.000E+00  1.745E+01   441.16    0.00    0.00   9    0.06    0.17
      360 -9.25428E+01 -9.38765E+01  1.33369E+00 -1.034E+02 -1.331E+01  4.535E+00  0.000E+00  0.000E+00  1.830E+01   447.58    0.00    0.00  13    0.06    0.18
      370 -9.25386E+01 -9.38080E+01  1.26937E+00 -1.032E+02 -1.331E+01  4.541E+00  0.000E+00  0.000E+00  1.815E+01   426.00    0.00   -0.00  17    0.06    0.17
      380 -9.25427E+01 -9.37737E+01  1.23102E+00 -1.019E+02 -1.378E+01  4.598E+00  0.000E+00  0.000E+00  1.731E+01   413.13    0.00    0.00   8    0.06    0.17
      390 -9.25536E+01 -9.37092E+01  1.15563E+00 -1.020E+02 -1.375E+01  4.672E+00  0.000E+00  0.000E+00  1.734E+01   387.83    0.00    0.00   5    0.06    0.17
      400 -9.25351E+01 -9.36939E+01  1.15877E+00 -1.034E+02 -1.329E+01  4.756E+00  0.000E+00  0.000E+00  1.822E+01   388.88    0.00   -0.00  20    0.06    0.18
      410 -9.28106E+01 -9.38136E+01  1.00300E+00 -1.030E+02 -1.338E+01  4.601E+00  0.000E+00  0.000E+00  1.798E+01   336.60    0.00   -0.00   1    0.06    0.16
      420 -9.28018E+01 -9.38738E+01  1.07205E+00 -1.022E+02 -1.367E+01  4.530E+00  0.000E+00  0.000E+00  1.744E+01   359.78    0.00   -0.00  18    0.06    0.16
      430 -9.27942E+01 -9.39284E+01  1.13421E+00 -1.023E+02 -1.364E+01  4.487E+00  0.000E+00  0.000E+00  1.756E+01   380.64    0.00   -0.00  14    0.06    0.16
      440 -9.27974E+01 -9.39533E+01  1.15588E+00 -1.031E+02 -1.336E+01  4.466E+00  0.000E+00  0.000E+00  1.809E+01   387.91    0.00    0.00  19    0.06    0.17
      450 -9.27859E+01 -9.39011E+01  1.11526E+00 -1.031E+02 -1.344E+01  4.526E+00  0.000E+00  0.000E+00  1.806E+01   374.28    0.00   -0.00   8    0.06    0.16
      460 -9.27869E+01 -9.39543E+01  1.16736E+00 -1.021E+02 -1.381E+01  4.463E+00  0.000E+00  0.000E+00  1.750E+01   391.77    0.00    0.00  20    0.06    0.17
      470 -9.27854E+01 -9.39499E+01  1.16452E+00 -1.019E+02 -1.392E+01  4.448E+00  0.000E+00  0.000E+00  1.744E+01   390.81    0.00    0.00  19    0.06    0.18
      480 -9.27743E+01 -9.39270E+01  1.15264E+00 -1.027E+02 -1.370E+01  4.525E+00  0.000E+00  0.000E+00  1.797E+01   386.83    0.00    0.00  13    0.06    0.17
      490 -9.27769E+01 -9.38710E+01  1.09406E+00 -1.029E+02 -1.361E+01  4.498E+00  7.465E-04  0.000E+00  1.812E+01   367.16    0.00    0.00  19    0.06    0.19
      500 -9.27755E+01 -9.38825E+01  1.10702E+00 -1.020E+02 -1.393E+01  4.485E+00  7.879E-04  0.000E+00  1.759E+01   371.51    0.00    0.00  13    0.06    0.16
      510 -9.29788E+01 -9.39058E+01  9.27064E-01 -1.026E+02 -1.376E+01  4.520E+00  1.902E-04  0.000E+00  1.791E+01   311.12    0.00   -0.00  19    0.06    0.16
      520 -9.29923E+01 -9.39664E+01  9.74124E-01 -1.026E+02 -1.372E+01  4.459E+00  0.000E+00  0.000E+00  1.790E+01   326.91    0.00   -0.00   5    0.06    0.16
      530 -9.29969E+01 -9.40317E+01  1.03474E+00 -1.022E+02 -1.387E+01  4.443E+00  0.000E+00  0.000E+00  1.758E+01   347.26    0.00    0.00  18    0.06    0.19
      540 -9.29957E+01 -9.40438E+01  1.04803E+00 -1.022E+02 -1.387E+01  4.452E+00  0.000E+00  0.000E+00  1.753E+01   351.72    0.00    0.00  12    0.06    0.17
      550 -9.30076E+01 -9.40922E+01  1.08458E+00 -1.027E+02 -1.371E+01  4.492E+00  0.000E+00  0.000E+00  1.783E+01   363.98    0.00   -0.00   7    0.06    0.14
      560 -9.30089E+01 -9.40478E+01  1.03898E+00 -1.029E+02 -1.366E+01  4.544E+00  0.000E+00  0.000E+00  1.794E+01   348.68    0.00   -0.00  17    0.06    0.17
      570 -9.30111E+01 -9.40797E+01  1.06859E+00 -1.024E+02 -1.383E+01  4.530E+00  0.000E+00  0.000E+00  1.764E+01   358.62    0.00    0.00  21    0.06    0.17
      580 -9.30111E+01 -9.40241E+01  1.01293E+00 -1.022E+02 -1.385E+01  4.532E+00  0.000E+00  0.000E+00  1.752E+01   339.94    0.00    0.00   9    0.06    0.19
      590 -9.30066E+01 -9.40030E+01  9.96371E-01 -1.028E+02 -1.367E+01  4.649E+00  0.000E+00  0.000E+00  1.782E+01   334.38    0.00    0.00  18    0.06    0.18
      600 -9.30014E+01 -9.39342E+01  9.32762E-01 -1.032E+02 -1.352E+01  4.705E+00  0.000E+00  0.000E+00  1.805E+01   313.03    0.00    0.00  20    0.06    0.17
      610 -9.30364E+01 -9.40213E+01  9.84872E-01 -1.028E+02 -1.363E+01  4.634E+00  0.000E+00  0.000E+00  1.782E+01   330.52    0.00   -0.00  17    0.06    0.18
      620 -9.30415E+01 -9.40512E+01  1.00977E+00 -1.024E+02 -1.376E+01  4.560E+00  0.000E+00  0.000E+00  1.756E+01   338.88    0.00   -0.00  18    0.06    0.17
      630 -9.30258E+01 -9.40784E+01  1.05259E+00 -1.027E+02 -1.373E+01  4.638E+00  0.000E+00  0.000E+00  1.773E+01   353.25    0.00   -0.00  10    0.06    0.25
      640 -9.30253E+01 -9.40963E+01  1.07100E+00 -1.032E+02 -1.356E+01  4.685E+00  0.000E+00  0.000E+00  1.802E+01   359.43    0.00   -0.00  20    0.06    0.15
      650 -9.30254E+01 -9.40784E+01  1.05301E+00 -1.031E+02 -1.359E+01  4.717E+00  0.000E+00  0.000E+00  1.789E+01   353.39    0.00    0.00  17    0.06    0.18
      660 -9.30096E+01 -9.40617E+01  1.05204E+00 -1.026E+02 -1.378E+01  4.734E+00  0.000E+00  0.000E+00  1.759E+01   353.06    0.00    0.00  18    0.06    0.15
      670 -9.30141E+01 -9.40797E+01  1.06566E+00 -1.027E+02 -1.375E+01  4.657E+00  0.000E+00  0.000E+00  1.767E+01   357.63    0.00   -0.00  10    0.06    0.16
      680 -9.30097E+01 -9.40341E+01  1.02437E+00 -1.031E+02 -1.364E+01  4.719E+00  1.584E-04  0.000E+00  1.799E+01   343.78    0.00    0.00   2    0.06    0.13
      690 -9.30120E+01 -9.40192E+01  1.00720E+00 -1.030E+02 -1.369E+01  4.725E+00  1.727E-03  0.000E+00  1.795E+01   338.01    0.00    0.00  18    0.06    0.16
      700 -9.30246E+01 -9.40337E+01  1.00912E+00 -1.024E+02 -1.385E+01  4.614E+00  3.886E-03  0.000E+00  1.761E+01   338.66    0.00    0.00  21    0.06    0.23
      710 -9.31295E+01 -9.41011E+01  9.71623E-01 -1.026E+02 -1.383E+01  4.625E+00  2.929E-03  0.000E+00  1.769E+01   326.08    0.00    0.00  20    0.06    0.18
      720 -9.31308E+01 -9.41037E+01  9.72918E-01 -1.030E+02 -1.367E+01  4.626E+00  1.711E-03  0.000E+00  1.793E+01   326.51    0.00   -0.00  19    0.06    0.17
      730 -9.31363E+01 -9.41656E+01  1.02930E+00 -1.030E+02 -1.368E+01  4.625E+00  2.201E-03  0.000E+00  1.789E+01   345.43    0.00    0.00  18    0.06    0.23
      740 -9.31308E+01 -9.41743E+01  1.04348E+00 -1.028E+02 -1.379E+01  4.715E+00  2.971E-03  0.000E+00  1.765E+01   350.19    0.00    0.00  19    0.06    0.15
      750 -9.31363E+01 -9.41935E+01  1.05724E+00 -1.028E+02 -1.376E+01  4.720E+00  2.149E-03  0.000E+00  1.765E+01   354.81    0.00   -0.00   8    0.06    0.14
      760 -9.31384E+01 -9.42119E+01  1.07347E+00 -1.032E+02 -1.362E+01  4.718E+00  1.353E-03  0.000E+00  1.792E+01   360.26    0.00   -0.00   8    0.06    0.16
      770 -9.31387E+01 -9.41882E+01  1.04952E+00 -1.033E+02 -1.357E+01  4.706E+00  1.723E-03  0.000E+00  1.799E+01   352.22    0.00   -0.00  10    0.06    0.17
      780 -9.31393E+01 -9.41771E+01  1.03774E+00 -1.029E+02 -1.371E+01  4.680E+00  1.849E-03  0.000E+00  1.777E+01   348.26    0.00    0.00  21    0.06    0.19
      790 -9.31346E+01 -9.41774E+01  1.04279E+00 -1.028E+02 -1.380E+01  4.692E+00  1.267E-03  0.000E+00  1.775E+01   349.96    0.00    0.00  15    0.06    0.19
      800 -9.31347E+01 -9.41690E+01  1.03428E+00 -1.033E+02 -1.367E+01  4.746E+00  1.309E-03  0.000E+00  1.805E+01   347.10    0.00    0.00  20    0.06    0.21
      810 -9.32794E+01 -9.42255E+01  9.46052E-01 -1.030E+02 -1.374E+01  4.725E+00  1.386E-03  0.000E+00  1.784E+01   317.49    0.00    0.00   4    0.06    0.19
      820 -9.32867E+01 -9.42603E+01  9.73614E-01 -1.030E+02 -1.373E+01  4.677E+00  1.136E-03  0.000E+00  1.777E+01   326.74    0.00   -0.00   5    0.06    0.20
      830 -9.32818E+01 -9.42902E+01  1.00841E+00 -1.032E+02 -1.367E+01  4.700E+00  5.909E-04  0.000E+00  1.787E+01   338.42    0.00    0.00  19    0.06    0.22
      840 -9.32836E+01 -9.42856E+01  1.00196E+00 -1.032E+02 -1.366E+01  4.725E+00  1.410E-03  0.000E+00  1.789E+01   336.26    0.00   -0.00  18    0.06    0.22
      850 -9.32835E+01 -9.43515E+01  1.06797E+00 -1.031E+02 -1.371E+01  4.669E+00  3.652E-03  0.000E+00  1.776E+01   358.41    0.00    0.00  11    0.06    0.21
      860 -9.32748E+01 -9.43524E+01  1.07762E+00 -1.030E+02 -1.374E+01  4.668E+00  3.886E-03  0.000E+00  1.774E+01   361.65    0.00   -0.00  18    0.06    0.19
      870 -9.32732E+01 -9.43356E+01  1.06240E+00 -1.032E+02 -1.366E+01  4.664E+00  3.413E-03  0.000E+00  1.790E+01   356.54    0.00   -0.00  19    0.06    0.20
      880 -9.32669E+01 -9.43028E+01  1.03594E+00 -1.035E+02 -1.356E+01  4.714E+00  4.616E-03  0.000E+00  1.803E+01   347.66    0.00    0.00  19    0.06    0.18
      890 -9.32627E+01 -9.42608E+01  9.98083E-01 -1.034E+02 -1.358E+01  4.763E+00  5.814E-03  0.000E+00  1.794E+01   334.96    0.00    0.00   7    0.06    0.20
      900 -9.32721E+01 -9.42991E+01  1.02702E+00 -1.032E+02 -1.365E+01  4.702E+00  4.433E-03  0.000E+00  1.781E+01   344.67    0.00    0.00   3    0.06    0.16
      910 -9.33955E+01 -9.43090E+01  9.13565E-01 -1.036E+02 -1.353E+01  4.780E+00  5.017E-03  0.000E+00  1.802E+01   306.59    0.00    0.00   3    0.06    0.20
      920 -9.33964E+01 -9.43286E+01  9.32181E-01 -1.036E+02 -1.351E+01  4.760E+00  4.637E-03  0.000E+00  1.805E+01   312.84    0.00   -0.00   8    0.06    0.21
      930 -9.34028E+01 -9.43531E+01  9.50344E-01 -1.033E+02 -1.364E+01  4.711E+00  3.654E-03  0.000E+00  1.784E+01   318.93    0.00    0.00   9    0.06    0.16
      940 -9.34048E+01 -9.43661E+01  9.61358E-01 -1.032E+02 -1.368E+01  4.727E+00  4.145E-03  0.000E+00  1.776E+01   322.63    0.00   -0.00   1    0.06    0.18
      950 -9.34174E+01 -9.43701E+01  9.52704E-01 -1.035E+02 -1.353E+01  4.695E+00  4.282E-03  0.000E+00  1.794E+01   319.73    0.00    0.00   3    0.06    0.17
      960 -9.34144E+01 -9.43906E+01  9.76221E-01 -1.036E+02 -1.350E+01  4.702E+00  2.380E-03  0.000E+00  1.803E+01   327.62    0.00   -0.00  18    0.06    0.18
      970 -9.34165E+01 -9.43787E+01  9.62214E-01 -1.033E+02 -1.363E+01  4.706E+00  1.564E-03  0.000E+00  1.785E+01   322.92    0.00   -0.00  20    0.06    0.19
      980 -9.34179E+01 -9.43565E+01  9.38558E-01 -1.031E+02 -1.369E+01  4.684E+00  2.486E-03  0.000E+00  1.774E+01   314.98    0.00   -0.00   8    0.06    0.18
      990 -9.34108E+01 -9.43605E+01  9.49702E-01 -1.034E+02 -1.360E+01  4.711E+00  3.334E-03  0.000E+00  1.791E+01   318.72    0.00    0.00  20    0.06    0.18
----------------------------------------------
        MAXNEIGHBS:           18
      MAXNEIGHBS10:          244
  MAXNBUFFER(MOVE):          652
  MAXNBUFFER(COPY):         2472
    QEq Iterations:        15326
       Memory (MB):        57.01

               QEq:       7.3750         7.3750
    qeq_initialize:       1.4090         1.4090
           get_hsh:       2.4160         2.4160
      get_gradient:       1.7750         1.7750

        LINKEDLIST:       0.1740         0.1740
         COPYATOMS:       1.7610         1.7610
      NEIGHBORLIST:       0.4790         0.4790
     GetNBPairList:       0.9790         0.9790

            BOCALC:       0.5060         0.5060
            ENbond:       0.4290         0.4290
             Ebond:       0.0850         0.0850
             Elnpr:       0.6980         0.6980
               Ehb:       0.1740         0.1740
               E3b:       5.5600         5.5600
               E4b:       0.3230         0.3230
  ForceBondedTerms:       0.0450         0.0450

          WriteBND:       0.0190         0.0190
          WritePDB:       0.0130         0.0130
           ReadBIN:       0.0050         0.0050
          WriteBIN:       0.0000         0.0000

       total (sec):      17.4260        17.4260
----------------------------------------------
    rxmd successfully finished
