              rxmd has started
INFO: mdmode==0, setting isQEQ is 1. Atomic velocities are scaled to      300.000 [K] every    100 steps.
----------------------------------------------------------------
         req/alloc # of procs:        1  /        1
         req proc arrengement:        1        1        1
                parameter set:Reactive MD-force field: nitramines (RDX/HMX/TATB/PETN)               
                time step[fs]:    5.00E-01
 MDMODE CURRENTSTEP NTIMESTPE:  0         0      1000
  isQEq,QEq_tol,NMAXQEq,qstep:     1   1.0E-06   500     1
                Lex_fqs,Lex_k:   1.000   2.000
            treq,vsfact,sstep:     300.000   1.000      100
                  fstep,pstep:   500    10
               NATOMS GNATOMS:                     168                     168
                         LBOX:       1.000       1.000       1.000
                  Hmatrix [A]:         13.180          0.000          0.000
                  Hmatrix [A]:          0.000         11.570          0.000
                  Hmatrix [A]:          0.000          0.000         10.710
               lata,latb,latc:      13.180      11.570      10.710
          lalpha,lbeta,lgamma:      90.000      90.000      90.000
               density [g/cc]:    1.8061
         # of linkedlist cell:     4     3     3
            maxrc, lcsize [A]:     3.160        3.29      3.86      3.57
    # of linkedlist cell (NB):     4     3     3
              lcsize [A] (NB):      3.29      3.86      3.57
     MAXNEIGHBS, MAXNEIGHBS10:    30   600
            NMINCELL, NBUFFER:     3     5000
    FFPath, DataDir, ParmPath:      ffield          DAT      rxmd.in
          # of atoms per type:          24 - 1          48 - 2          48 - 3          48 - 4
----------------------------------------------------------------
nstep  TE  PE  KE: 1-Ebond 2-(Elnpr,Eover,Eunder) 3-(Eval,Epen,Ecoa) 4-(Etors,Econj) 5-Ehbond 6-(Evdw,EClmb,Echarge)
        0 -9.82464E+01 -9.82464E+01  0.00000E+00 -1.369E+02  1.287E+00 -1.362E+00  5.208E-01 -1.398E-03  3.821E+01     0.00    0.00    0.00  37    0.06    0.08
       10 -9.73507E+01 -9.79872E+01  6.36529E-01 -1.366E+02  1.182E+00 -1.210E+00  5.340E-01 -1.975E-03  3.808E+01   213.62    0.00   -0.00  22    0.06    0.16
       20 -9.73518E+01 -9.77986E+01  4.46826E-01 -1.369E+02  1.326E+00 -1.041E+00  5.574E-01 -3.114E-03  3.829E+01   149.95    0.00    0.00  25    0.06    0.16
       30 -9.73528E+01 -9.78558E+01  5.02976E-01 -1.366E+02  1.191E+00 -1.106E+00  5.430E-01 -5.660E-03  3.808E+01   168.80    0.00    0.00  15    0.06    0.16
       40 -9.73499E+01 -9.78731E+01  5.23215E-01 -1.368E+02  1.248E+00 -1.140E+00  5.469E-01 -7.940E-03  3.830E+01   175.59    0.00    0.00  20    0.06    0.16
       50 -9.73524E+01 -9.78575E+01  5.05088E-01 -1.368E+02  1.308E+00 -1.161E+00  5.626E-01 -7.805E-03  3.826E+01   169.51    0.00    0.00  17    0.06    0.17
       60 -9.73526E+01 -9.78693E+01  5.16708E-01 -1.367E+02  1.198E+00 -1.183E+00  5.410E-01 -6.761E-03  3.826E+01   173.41    0.00    0.00   4    0.06    0.16
       70 -9.73530E+01 -9.78825E+01  5.29522E-01 -1.369E+02  1.311E+00 -1.204E+00  5.827E-01 -5.669E-03  3.833E+01   177.71    0.00   -0.00  29    0.06    0.16
       80 -9.73526E+01 -9.78079E+01  4.55352E-01 -1.366E+02  1.176E+00 -1.174E+00  5.639E-01 -6.229E-03  3.826E+01   152.82    0.00    0.00  25    0.06    0.17
       90 -9.73535E+01 -9.77886E+01  4.35135E-01 -1.368E+02  1.290E+00 -1.162E+00  5.772E-01 -7.093E-03  3.828E+01   146.03    0.00    0.00  25    0.06    0.13
      100 -9.73553E+01 -9.78688E+01  5.13488E-01 -1.368E+02  1.238E+00 -1.225E+00  5.579E-01 -8.594E-03  3.834E+01   172.33    0.00   -0.00  20    0.06    0.17
      110 -9.69755E+01 -9.77328E+01  7.57296E-01 -1.364E+02  1.176E+00 -1.171E+00  5.588E-01 -7.164E-03  3.813E+01   254.15    0.00   -0.00  24    0.06    0.17
      120 -9.69734E+01 -9.76689E+01  6.95479E-01 -1.370E+02  1.342E+00 -1.061E+00  5.583E-01 -5.825E-03  3.848E+01   233.40    0.00    0.00  15    0.06    0.16
      130 -9.69745E+01 -9.76905E+01  7.15961E-01 -1.365E+02  1.172E+00 -1.107E+00  5.697E-01 -6.939E-03  3.816E+01   240.28    0.00    0.00  18    0.06    0.16
      140 -9.69721E+01 -9.76531E+01  6.80986E-01 -1.368E+02  1.280E+00 -1.097E+00  5.831E-01 -8.716E-03  3.842E+01   228.54    0.00    0.00  23    0.06    0.17
      150 -9.69741E+01 -9.76847E+01  7.10624E-01 -1.366E+02  1.218E+00 -1.128E+00  6.191E-01 -1.008E-02  3.826E+01   238.48    0.00    0.00  30    0.06    0.17
      160 -9.69726E+01 -9.75911E+01  6.18488E-01 -1.366E+02  1.195E+00 -1.052E+00  5.969E-01 -1.066E-02  3.832E+01   207.56    0.00   -0.00  19    0.06    0.15
      170 -9.69711E+01 -9.76381E+01  6.67051E-01 -1.366E+02  1.267E+00 -1.080E+00  5.881E-01 -1.025E-02  3.823E+01   223.86    0.00   -0.00  22    0.06    0.17
      180 -9.69701E+01 -9.76734E+01  7.03211E-01 -1.366E+02  1.160E+00 -1.133E+00  5.886E-01 -8.995E-03  3.827E+01   236.00    0.00    0.00  22    0.06    0.16
      190 -9.69713E+01 -9.76977E+01  7.26418E-01 -1.367E+02  1.318E+00 -1.178E+00  6.020E-01 -1.067E-02  3.832E+01   243.78    0.00   -0.00  31    0.06    0.17
      200 -9.69719E+01 -9.77681E+01  7.96153E-01 -1.366E+02  1.164E+00 -1.220E+00  5.720E-01 -1.013E-02  3.831E+01   267.19    0.00   -0.00  23    0.06    0.17
      210 -9.68728E+01 -9.76026E+01  7.29813E-01 -1.365E+02  1.214E+00 -1.105E+00  5.877E-01 -9.819E-03  3.818E+01   244.92    0.00   -0.00  25    0.06    0.16
      220 -9.68737E+01 -9.76068E+01  7.33108E-01 -1.368E+02  1.247E+00 -1.033E+00  5.885E-01 -8.509E-03  3.843E+01   246.03    0.00    0.00  28    0.06    0.16
      230 -9.68696E+01 -9.76695E+01  7.99876E-01 -1.364E+02  1.131E+00 -1.105E+00  5.986E-01 -1.145E-02  3.808E+01   268.44    0.00    0.00  19    0.06    0.14
      240 -9.68710E+01 -9.76536E+01  7.82609E-01 -1.367E+02  1.272E+00 -1.076E+00  5.676E-01 -1.520E-02  3.834E+01   262.64    0.00    0.00  24    0.06    0.16
      250 -9.68700E+01 -9.75296E+01  6.59599E-01 -1.366E+02  1.213E+00 -9.967E-01  5.978E-01 -2.168E-02  3.825E+01   221.36    0.00    0.00  25    0.06    0.16
      260 -9.68736E+01 -9.75936E+01  7.20038E-01 -1.368E+02  1.269E+00 -1.042E+00  5.837E-01 -2.298E-02  3.842E+01   241.64    0.00   -0.00  25    0.06    0.17
      270 -9.68707E+01 -9.76603E+01  7.89534E-01 -1.366E+02  1.262E+00 -1.119E+00  5.614E-01 -1.759E-02  3.822E+01   264.97    0.00   -0.00  24    0.06    0.17
      280 -9.68723E+01 -9.76544E+01  7.82077E-01 -1.367E+02  1.238E+00 -1.131E+00  5.918E-01 -1.303E-02  3.835E+01   262.46    0.00    0.00  21    0.06    0.17
      290 -9.68743E+01 -9.76789E+01  8.04647E-01 -1.367E+02  1.231E+00 -1.132E+00  5.992E-01 -1.488E-02  3.830E+01   270.04    0.00    0.00  24    0.06    0.17
      300 -9.68738E+01 -9.76679E+01  7.94136E-01 -1.366E+02  1.215E+00 -1.163E+00  5.733E-01 -1.551E-02  3.828E+01   266.51    0.00    0.00  29    0.06    0.17
      310 -9.67718E+01 -9.75262E+01  7.54382E-01 -1.363E+02  1.129E+00 -1.083E+00  6.175E-01 -1.360E-02  3.814E+01   253.17    0.00    0.00  29    0.06    0.17
      320 -9.67697E+01 -9.75759E+01  8.06236E-01 -1.367E+02  1.283E+00 -1.033E+00  5.816E-01 -8.290E-03  3.834E+01   270.57    0.00   -0.00  25    0.06    0.16
      330 -9.67737E+01 -9.76039E+01  8.30237E-01 -1.366E+02  1.219E+00 -1.068E+00  5.996E-01 -7.624E-03  3.821E+01   278.63    0.00   -0.00  28    0.06    0.19
      340 -9.67716E+01 -9.76306E+01  8.59034E-01 -1.364E+02  1.159E+00 -1.143E+00  5.931E-01 -9.518E-03  3.822E+01   288.29    0.00    0.00  22    0.06    0.16
      350 -9.67745E+01 -9.75582E+01  7.83679E-01 -1.369E+02  1.332E+00 -1.019E+00  6.062E-01 -1.279E-02  3.848E+01   263.00    0.00    0.00  20    0.06    0.17
      360 -9.67744E+01 -9.75092E+01  7.34749E-01 -1.365E+02  1.166E+00 -1.006E+00  6.039E-01 -1.322E-02  3.825E+01   246.58    0.00   -0.00  22    0.06    0.17
      370 -9.67726E+01 -9.75448E+01  7.72207E-01 -1.366E+02  1.249E+00 -9.810E-01  5.685E-01 -1.243E-02  3.825E+01   259.15    0.00   -0.00  27    0.06    0.17
      380 -9.67723E+01 -9.75600E+01  7.87663E-01 -1.366E+02  1.225E+00 -9.564E-01  5.700E-01 -1.310E-02  3.818E+01   264.34    0.00   -0.00  22    0.06    0.16
      390 -9.67720E+01 -9.75529E+01  7.80889E-01 -1.364E+02  1.077E+00 -9.948E-01  6.025E-01 -1.312E-02  3.815E+01   262.07    0.00   -0.00  21    0.06    0.16
      400 -9.67769E+01 -9.75967E+01  8.19821E-01 -1.365E+02  1.227E+00 -1.021E+00  5.860E-01 -1.801E-02  3.817E+01   275.13    0.00    0.00  14    0.06    0.16
      410 -9.67004E+01 -9.75845E+01  8.84080E-01 -1.365E+02  1.130E+00 -1.015E+00  5.965E-01 -1.709E-02  3.820E+01   296.70    0.00    0.00  20    0.06    0.15
      420 -9.67005E+01 -9.75523E+01  8.51810E-01 -1.367E+02  1.260E+00 -9.665E-01  6.379E-01 -2.254E-02  3.826E+01   285.87    0.00    0.00  23    0.06    0.17
      430 -9.66960E+01 -9.74880E+01  7.91990E-01 -1.366E+02  1.211E+00 -9.798E-01  6.161E-01 -2.850E-02  3.833E+01   265.79    0.00    0.00  24    0.06    0.17
      440 -9.67008E+01 -9.74875E+01  7.86794E-01 -1.365E+02  1.210E+00 -1.001E+00  6.155E-01 -3.199E-02  3.823E+01   264.05    0.00    0.00  27    0.06    0.18
      450 -9.66996E+01 -9.74830E+01  7.83398E-01 -1.369E+02  1.253E+00 -1.052E+00  6.158E-01 -2.569E-02  3.860E+01   262.91    0.00    0.00  29    0.06    0.19
      460 -9.67004E+01 -9.75121E+01  8.11694E-01 -1.363E+02  1.176E+00 -1.068E+00  6.270E-01 -2.828E-02  3.808E+01   272.40    0.00    0.00  28    0.06    0.17
      470 -9.67023E+01 -9.75164E+01  8.14096E-01 -1.369E+02  1.297E+00 -1.045E+00  6.096E-01 -2.765E-02  3.854E+01   273.21    0.00   -0.00  26    0.06    0.17
      480 -9.67000E+01 -9.74597E+01  7.59781E-01 -1.365E+02  1.223E+00 -9.904E-01  6.616E-01 -4.096E-02  3.823E+01   254.98    0.00    0.00  18    0.06    0.18
      490 -9.66968E+01 -9.75118E+01  8.15033E-01 -1.368E+02  1.254E+00 -1.059E+00  6.124E-01 -6.385E-02  3.850E+01   273.52    0.00   -0.00   1    0.06    0.16
      500 -9.66996E+01 -9.75935E+01  8.93886E-01 -1.366E+02  1.353E+00 -1.121E+00  5.876E-01 -5.726E-02  3.822E+01   299.99    0.00    0.00  21    0.06    0.17
      510 -9.67004E+01 -9.75222E+01  8.21864E-01 -1.370E+02  1.312E+00 -1.070E+00  6.100E-01 -5.665E-02  3.868E+01   275.82    0.00    0.00  25    0.06    0.17
      520 -9.67034E+01 -9.74487E+01  7.45359E-01 -1.365E+02  1.236E+00 -1.020E+00  6.163E-01 -4.442E-02  3.823E+01   250.14    0.00    0.00  21    0.06    0.17
      530 -9.67035E+01 -9.74823E+01  7.78815E-01 -1.371E+02  1.377E+00 -1.015E+00  6.034E-01 -4.346E-02  3.867E+01   261.37    0.00    0.00  23    0.06    0.17
      540 -9.66996E+01 -9.74813E+01  7.81652E-01 -1.364E+02  1.171E+00 -1.017E+00  6.300E-01 -4.459E-02  3.813E+01   262.32    0.00   -0.00  25    0.06    0.17
      550 -9.67035E+01 -9.74667E+01  7.63299E-01 -1.369E+02  1.270E+00 -9.594E-01  6.119E-01 -4.562E-02  3.851E+01   256.16    0.00   -0.00  22    0.06    0.18
      560 -9.67021E+01 -9.75419E+01  8.39812E-01 -1.366E+02  1.239E+00 -9.699E-01  5.831E-01 -4.194E-02  3.820E+01   281.84    0.00    0.00  21    0.06    0.17
      570 -9.67017E+01 -9.75554E+01  8.53705E-01 -1.366E+02  1.171E+00 -1.039E+00  6.121E-01 -3.469E-02  3.829E+01   286.50    0.00    0.00  23    0.06    0.17
      580 -9.67005E+01 -9.75274E+01  8.26843E-01 -1.368E+02  1.330E+00 -1.009E+00  6.156E-01 -3.079E-02  3.838E+01   277.49    0.00   -0.00  24    0.06    0.17
      590 -9.67027E+01 -9.75269E+01  8.24205E-01 -1.366E+02  1.216E+00 -1.016E+00  6.038E-01 -2.852E-02  3.831E+01   276.60    0.00    0.00  22    0.06    0.16
      600 -9.67023E+01 -9.75555E+01  8.53197E-01 -1.368E+02  1.276E+00 -1.021E+00  6.079E-01 -3.194E-02  3.837E+01   286.33    0.00   -0.00  20    0.06    0.19
      610 -9.66589E+01 -9.75196E+01  8.60684E-01 -1.365E+02  1.161E+00 -9.925E-01  6.028E-01 -3.190E-02  3.819E+01   288.84    0.00   -0.00  22    0.06    0.18
      620 -9.66616E+01 -9.74701E+01  8.08576E-01 -1.367E+02  1.294E+00 -8.880E-01  6.122E-01 -3.834E-02  3.826E+01   271.36    0.00   -0.00  31    0.06    0.15
      630 -9.66621E+01 -9.74539E+01  7.91779E-01 -1.364E+02  1.148E+00 -9.098E-01  6.066E-01 -3.518E-02  3.818E+01   265.72    0.00   -0.00  21    0.06    0.16
      640 -9.66630E+01 -9.75722E+01  9.09178E-01 -1.366E+02  1.214E+00 -9.154E-01  5.592E-01 -4.509E-02  3.818E+01   305.12    0.00   -0.00  22    0.06    0.15
      650 -9.66637E+01 -9.75446E+01  8.80815E-01 -1.369E+02  1.326E+00 -1.001E+00  5.826E-01 -4.133E-02  3.850E+01   295.60    0.00   -0.00  23    0.06    0.16
      660 -9.66631E+01 -9.75489E+01  8.85720E-01 -1.363E+02  1.168E+00 -1.040E+00  5.682E-01 -4.436E-02  3.811E+01   297.25    0.00    0.00  25    0.06    0.16
      670 -9.66648E+01 -9.75278E+01  8.63029E-01 -1.370E+02  1.360E+00 -1.018E+00  5.986E-01 -3.511E-02  3.860E+01   289.63    0.00   -0.00  21    0.06    0.17
      680 -9.66588E+01 -9.74353E+01  7.76554E-01 -1.364E+02  1.187E+00 -9.954E-01  6.183E-01 -3.582E-02  3.818E+01   260.61    0.00    0.00  22    0.06    0.17
      690 -9.66604E+01 -9.75525E+01  8.92122E-01 -1.367E+02  1.251E+00 -1.078E+00  5.786E-01 -3.294E-02  3.841E+01   299.39    0.00    0.00  20    0.06    0.16
      700 -9.66593E+01 -9.75443E+01  8.84977E-01 -1.366E+02  1.279E+00 -1.090E+00  6.112E-01 -3.214E-02  3.826E+01   297.00    0.00    0.00  24    0.06    0.17
      710 -9.66522E+01 -9.74755E+01  8.23240E-01 -1.365E+02  1.164E+00 -1.041E+00  5.973E-01 -3.370E-02  3.839E+01   276.28    0.00   -0.00  21    0.06    0.16
      720 -9.66510E+01 -9.74442E+01  7.93184E-01 -1.366E+02  1.303E+00 -1.030E+00  6.186E-01 -2.983E-02  3.829E+01   266.19    0.00    0.00  23    0.06    0.17
      730 -9.66524E+01 -9.75447E+01  8.92362E-01 -1.368E+02  1.278E+00 -1.103E+00  6.233E-01 -2.700E-02  3.851E+01   299.48    0.00    0.00  14    0.06    0.17
      740 -9.66531E+01 -9.74683E+01  8.15193E-01 -1.363E+02  1.096E+00 -1.065E+00  6.384E-01 -3.272E-02  3.820E+01   273.58    0.00    0.00  15    0.06    0.17
      750 -9.66507E+01 -9.74786E+01  8.27975E-01 -1.369E+02  1.354E+00 -9.912E-01  6.246E-01 -3.240E-02  3.846E+01   277.87    0.00    0.00  28    0.06    0.17
      760 -9.66530E+01 -9.75063E+01  8.53252E-01 -1.364E+02  1.126E+00 -9.741E-01  5.940E-01 -3.157E-02  3.819E+01   286.35    0.00    0.00  16    0.06    0.18
      770 -9.66487E+01 -9.74429E+01  7.94158E-01 -1.366E+02  1.187E+00 -9.442E-01  6.189E-01 -2.783E-02  3.829E+01   266.52    0.00    0.00  22    0.06    0.17
      780 -9.66480E+01 -9.74656E+01  8.17585E-01 -1.365E+02  1.219E+00 -9.519E-01  5.676E-01 -2.503E-02  3.818E+01   274.38    0.00   -0.00  26    0.06    0.18
      790 -9.66475E+01 -9.74753E+01  8.27752E-01 -1.368E+02  1.274E+00 -9.515E-01  6.096E-01 -2.227E-02  3.840E+01   277.79    0.00   -0.00  20    0.06    0.17
      800 -9.66493E+01 -9.74797E+01  8.30415E-01 -1.366E+02  1.201E+00 -1.024E+00  6.168E-01 -2.341E-02  3.832E+01   278.69    0.00    0.00  22    0.06    0.16
      810 -9.65818E+01 -9.74766E+01  8.94856E-01 -1.365E+02  1.217E+00 -1.035E+00  5.947E-01 -2.062E-02  3.831E+01   300.31    0.00   -0.00  22    0.06    0.16
      820 -9.65836E+01 -9.75335E+01  9.49937E-01 -1.368E+02  1.315E+00 -9.970E-01  5.974E-01 -1.881E-02  3.842E+01   318.80    0.00    0.00  28    0.06    0.17
      830 -9.65827E+01 -9.74633E+01  8.80594E-01 -1.363E+02  1.052E+00 -9.972E-01  6.397E-01 -1.981E-02  3.818E+01   295.53    0.00    0.00  21    0.06    0.16
      840 -9.65816E+01 -9.74861E+01  9.04450E-01 -1.365E+02  1.256E+00 -9.333E-01  5.669E-01 -1.866E-02  3.816E+01   303.53    0.00   -0.00  25    0.06    0.17
      850 -9.65830E+01 -9.74860E+01  9.02981E-01 -1.367E+02  1.244E+00 -9.565E-01  6.013E-01 -1.331E-02  3.838E+01   303.04    0.00    0.00  23    0.06    0.16
      860 -9.65822E+01 -9.74026E+01  8.20394E-01 -1.362E+02  1.067E+00 -9.781E-01  6.419E-01 -1.228E-02  3.807E+01   275.32    0.00    0.00  21    0.06    0.17
      870 -9.65857E+01 -9.73727E+01  7.87006E-01 -1.370E+02  1.356E+00 -9.760E-01  6.272E-01 -1.169E-02  3.861E+01   264.12    0.00   -0.00  20    0.06    0.16
      880 -9.65835E+01 -9.73665E+01  7.82996E-01 -1.364E+02  1.176E+00 -9.524E-01  6.296E-01 -1.561E-02  3.818E+01   262.77    0.00    0.00  24    0.06    0.18
      890 -9.65850E+01 -9.74240E+01  8.38984E-01 -1.367E+02  1.213E+00 -1.040E+00  6.330E-01 -1.575E-02  3.850E+01   281.56    0.00   -0.00  24    0.06    0.16
      900 -9.65839E+01 -9.74403E+01  8.56339E-01 -1.367E+02  1.323E+00 -1.039E+00  6.532E-01 -2.019E-02  3.830E+01   287.39    0.00    0.00  25    0.06    0.16
      910 -9.65449E+01 -9.74211E+01  8.76260E-01 -1.365E+02  1.187E+00 -1.017E+00  6.206E-01 -1.755E-02  3.834E+01   294.07    0.00    0.00  23    0.06    0.18
      920 -9.65446E+01 -9.73835E+01  8.38904E-01 -1.363E+02  1.154E+00 -9.713E-01  6.540E-01 -1.735E-02  3.814E+01   281.53    0.00    0.00  15    0.06    0.15
      930 -9.65466E+01 -9.74015E+01  8.54965E-01 -1.370E+02  1.326E+00 -9.668E-01  6.567E-01 -1.524E-02  3.863E+01   286.93    0.00    0.00  17    0.06    0.16
      940 -9.65414E+01 -9.73925E+01  8.51109E-01 -1.359E+02  1.061E+00 -9.851E-01  5.890E-01 -1.657E-02  3.787E+01   285.63    0.00   -0.00  13    0.06    0.17
      950 -9.65421E+01 -9.74355E+01  8.93440E-01 -1.370E+02  1.314E+00 -9.432E-01  6.323E-01 -1.236E-02  3.857E+01   299.84    0.00    0.00  21    0.06    0.17
      960 -9.65433E+01 -9.74602E+01  9.16846E-01 -1.365E+02  1.217E+00 -9.699E-01  6.123E-01 -1.326E-02  3.823E+01   307.69    0.00   -0.00  20    0.06    0.16
      970 -9.65463E+01 -9.74809E+01  9.34579E-01 -1.363E+02  1.090E+00 -1.017E+00  5.980E-01 -1.328E-02  3.819E+01   313.64    0.00    0.00  23    0.06    0.17
      980 -9.65453E+01 -9.74798E+01  9.34530E-01 -1.370E+02  1.407E+00 -9.840E-01  6.200E-01 -1.510E-02  3.847E+01   313.63    0.00    0.00   1    0.06    0.16
      990 -9.65428E+01 -9.74040E+01  8.61195E-01 -1.361E+02  9.996E-01 -1.008E+00  6.296E-01 -1.448E-02  3.811E+01   289.02    0.00   -0.00  22    0.06    0.17
----------------------------------------------
        MAXNEIGHBS:           13
      MAXNEIGHBS10:          453
  MAXNBUFFER(MOVE):          172
  MAXNBUFFER(COPY):         3789
    QEq Iterations:        21237
       Memory (MB):        56.66

               QEq:       9.7200         9.7200
    qeq_initialize:       1.2730         1.2730
           get_hsh:       3.8450         3.8450
      get_gradient:       2.2450         2.2450

        LINKEDLIST:       0.1670         0.1670
         COPYATOMS:       2.3750         2.3750
      NEIGHBORLIST:       0.6990         0.6990
     GetNBPairList:       0.5380         0.5380

            BOCALC:       0.7770         0.7770
            ENbond:       0.7100         0.7100
             Ebond:       0.0510         0.0510
             Elnpr:       0.2820         0.2820
               Ehb:       0.9140         0.9140
               E3b:       0.9310         0.9310
               E4b:       1.3450         1.3450
  ForceBondedTerms:       0.1950         0.1950

          WriteBND:       0.0040         0.0040
          WritePDB:       0.0030         0.0030
           ReadBIN:       0.0040         0.0040
          WriteBIN:       0.0000         0.0000

       total (sec):      16.6160        16.6160
----------------------------------------------
    rxmd successfully finished
